965
999999999
67584
22464
56
125440
118
1001
13122
4560
89600
98
3168
244944
40
7560
2310
63
11232
20592
414720
864
32670
11085765
51
5304
43200
110250
58800
7776
3864
25002
373248
70000
4032
3780
8640
7392
42
33750
33
9489
31500
118263990
52920
57344
85712697
9180
70560
430080
12348
56160
40960
21
4914
2618049
142560
103
2736
126720
17
1386
8208
157464
552960
11340
3
110592
74088
3510
132000
40950
46080
58054077
8400
1249
192000
13680
79
47520
32805
31
168000
11264
59
9900
70200
660
5044
29952
193
42000
127008
405000
24696
52800
153600
59400
441
787320
934
88704
302400
104976
926315427
448
21384
472392
165888
15390
37
1500
30973
999999998
697106497
8748
420
6400
482421315
47473
964532929
504
15840
17920
26
129
32076
15552
2600
61966
6
5120
14040
621008
48
131
999999937
21840
4173641
1836
105600
50000
108
4800
70235461
81920
15680
94500
15288
567
8250
3375
1701
294912
468
961175759
122
2592
7200
20328
134400
44928
5346
73728
100800
2200
211680
129600
20160
1512
7785
235200
536870912
362
96768
174960
27216
58320
16524
614400
327680
3960
18240
1000000
900
625433749
28
16224
33108
108864
408240
281
29
53940
700
5297
52488
1800
131220
47628
12240
72000
68
69120
15876
5601
107
4943
49920
10560
1817
276480
64800
38880
15400
782
93312
7390
34111
8448
121
257
56700
111
6399199
646
193536
62
97
84240
216000
42336
336000
66150
147456
967669583
998506315
13
501
75
90720
230400
77
10500
129024
67893369
53
37440
84
18816
105000
9100
5250
176400
9
42105
345600
480000
85881
36
36960
23040
79200
969
3371
1944
63504
1960
38016
519
34848
301056
28672
112
23115571
282791
63360
61440
35100
4620
35
9827
989447237
198450
300000
1680
19656
4160
214573
57
1
4410
86400
52416
546750
2016
393216
65536
50544
9409159
21600
92400
115
84579
60
5808
4200
122880
215040
9504
491520
3456
34560
476014
25600
322081025
362880
8660
1520
1904
2720
20
30
12150
207360
72900
32256
11016
3240
17820
117
47
4539685
5280
105
245760
33696
34300
395
64922375
7056
101
5824
124416
45
31104
20000
201600
85536
91857
5073
665
66528
7040
45360
50
20736
7389
28512
12000
19
42120
696
14700
922505446
5000
123
31680
4675
24192
50400
256000
35280
8826131
1001604
5616
1584
49500
104
8347
36864
150528
83
3072
2268
805306368
3312
672
7680
364500
75264
7290
62208
2730
38497
164640
5520
60000
82944
3600
259200
192
243000
49392
1764
12096
169344
34
49280
3696
279936
54600
24000
181440
409342369
524288
388800
24750
124
27184698
323
14
41600
5760
5
56448
248832
145152
900360029
69888
42755209
32000
6720
81
11
25
78000
291600
112000
15750
46464
88
1440
113
14256
25920
120
98304
346742385
1920
3120
268800
54
983900459
4655
300
524880
4312
3509575
9425
7455307
34944
29120
182250
163296
48238
43740
2376
102060
236250
4704
95
391
14112
64680
4050
320
288
48384
86016
331776
640
69984
954158175
16200
311040
101250
184320
4000
224
340200
5625
98415
2520
1008
3024
587234
49
31590
546
70
41472
118800
8772
18
43680
67500
81648
5184
38
189
2403381
21952
30240
28000
51030
957262828
7025
7897861
80949857
105840
72
460800
20480
233280
1323
150000
86
29700
32400
12800
916855204
16128
19800
630
33600
14336
209952
3645
109
83160
49152
39936
13056
160
118272
4374
12288
57624
786432
8550
13824
44
12544
24480
21383
6552
43
2000
78
51840
13230
123480
95040
47958485
99
40824
10080
986129769
115248
57024
5400
746803744
4725
128000
306180
5040
179200
27456
998244353
70400
45000
576
59136
89
6000
816
21000
4608
633
13500
7128
145800
120000
6930
8
26880
30030
8960
22176
23760
138240
64512
25490988
67200
96
510205
324000
110
204120
8372259
76
262440
8976
194241
92317161
71805
16800
80
226151256
44800
19008
216
3264
29160
63180
108000
4788
1671
307200
15
6804
241920
73
1848
457481
15120
2304
65
12870
9450
136080
49896
5200
2025
2906162
52
4896
170
1260
16
4488
33792
22500
281250
200000
57600
10368
5657
5600
240000
2070
74
2640
9408
142884
34020
2100
442368
27720
23400
28080
61740
131980
1056
2340
1048576
76032
135
7938
41580
987
6075
396
225792
16320
25200
2156
107520
84000
186624
270000
82
151200
95256
49000
89100
3360
466560
9240
10710
459270
116
23232
92
23328
35640
622080
5767201
393660
5016
139968
54432
2160
6765
94770
23
122877509
24
55
133650
2097152
162000
486000
125
517759
24576
1741
48000
29250
17424
8087519
17550
641
10000
2940
35503
12960
3000
2880
8000
272160
18720
1000000000
13440
7500
2430
360000
84480
100696425
99000
48510
46
2
10
68040
180000
29400
93
4
112896
18432
19440
314928
1215
161280
7920
64
10240
4680
87
21168
10260
2688
31200
18000
106
66
71280
4480
432000
9800
518400
1890
4536
288000
44550
4320
2707
405
7296
1600
5721
69
94080
5376
226800
11000
119
9600
21870
67
361
688978813
58
655360
13860
202500
1620
725573
28800
4752
2400
155520
92160
904152917
8015864
60480
559
14688
96000
27000
99840
33401221
474
32768
583200
126
80640
21504
19200
1530
196608
50688
17640
30720
8424
180
55296
38400
18480
3528
540
48600
4158
135000
163840
1632
54000
981028563
792
85050
432255
10752
9000
23100
17280
116640
42768
74880
699840
6037
949106497
53760
63000
36283838
54880
589833267
1728
79548
76800
375000
14560
37800
7
127
2431
94
87480
6541551
912
8320
96228
91
8100
768
10800
1100
349920
813
5940
473
653477439
77760
6300
1824
85
26460
994617
65610
11664
12768
194400
16464
71
22
3564
6750
39600
144000
81000
102
2352
31752
8316
3157819
90
32
3900
12672
938017885
97200
6480
16000
170100
40320
2250
29484
82268566
673921
252000
132300
22848
217728
14400
22950
322560
115200
64152
221184
16380
810
72576
75600
47040
168960
141120
3584
114688
22680
4733
368640
172032
1615
24300
17136
103680
9216
32640
8064
1134
128
8624
78750
6840
2560
